v -4.830870088067167 189.4980927623556 0 

v 128.16912991193283 192.4980927623556 0 

v 127.83087008806717 177.5019072376444 0 

v -5.169129911932833 174.5019072376444 0 

v 128.16912991193283 192.4980927623556 0 

v 128.17303085590447 192.49800375586096 0 

v 127.82696914409551 177.50199624413904 0 

v 127.83087008806717 177.5019072376444 0 

v 128.17303085590447 192.49800375586096 0 

v 158.82668297259673 193.20539572778463 0 

v 158.48062126078779 178.2093882160627 0 

v 127.82696914409551 177.50199624413904 0 

v 146.52740013218687 240.64050856009825 0 

v 151.18105224887913 186.34790053202192 0 

v 166.1262519845054 185.06688341182542 0 

v 161.47259986781313 239.35949143990175 0 

v 151.18105224887913 186.34790053202192 0 

v 151.18105224887913 186.34790053202192 0 

v 166.1262519845054 185.06688341182542 0 

v 166.1262519845054 185.06688341182542 0 

v 151.18105224887913 186.34790053202192 0 

v 152.52740013218687 170.64050856009825 0 

v 167.47259986781313 169.35949143990175 0 

v 166.1262519845054 185.06688341182542 0 

f 1 2 3 4

f 5 6 7 8

f 9 10 11 12

f 13 14 15 16

f 17 18 19 20

f 21 22 23 24

